--Source By TyDye177 :)

if game.PlaceId == 10945472407 then
    local OrionLib = loadstring(game:HttpGet(('https://raw.githubusercontent.com/shlexware/Orion/main/source')))()
    local Window = OrionLib:MakeWindow({Name = "Deviant Hub  |  Strong Muscle Simulator",IntroText = "Deviant Hub", HidePremium = false, SaveConfig = true, ConfigFolder = "OrionTest"})

	getgenv().TPPlace = "string"
	getgenv().WalkSpeed = "string"

--Values

_G.autoWieght = true
_G.autoRebirth = true
_G.fastPunch = true
_G.multiPunch = true
_G.autoHatch = true
_G.selectEgg = "Basic"
_G.equipBestPets = true
_G.teleportPlayer = true
_G.playerName = "String"
_G.dfSpawn = "String"


--Functions

function kamehameha()
	game:GetService("ReplicatedStorage").Skills.KamehamehaFolder.RemoteEvent:FireServer()
end

function smash()
	game:GetService("ReplicatedStorage").Skills.SmashFolder.RemoteEvent:FireServer()
end

function multiPunch()
	while _G.multiPunch == true do
	game:GetService("ReplicatedStorage").Skills.MultiplePunchesFolder.RemoteEvent:FireServer()
	wait(.25)
	end
end

function smashGround()
	while _G.smashGround == true do
		game:GetService("ReplicatedStorage").Skills.GroundPunchFolder.RemoteEvent:FireServer()
		wait(.1)
	end
end

function fastPunch()
	while _G.fastPunch == true do
		game:GetService("ReplicatedStorage"):WaitForChild("Skills"):WaitForChild("CombatFolder"):WaitForChild("RemoteEvent"):FireServer("Right")
		wait(.0001)
		game:GetService("ReplicatedStorage"):WaitForChild("Skills"):WaitForChild("CombatFolder"):WaitForChild("RemoteEvent"):FireServer("Left")
		wait(.0001)
	end
end

local plr = game.Players.LocalPlayer

function autoWeight()
	while _G.autoWeight == true do
	game:GetService("ReplicatedStorage"):WaitForChild("Events"):WaitForChild("SkillToggle"):FireServer("NumberOne", true)
	wait(.00001)
	for i,v in pairs(plr.Character:GetChildren()) do
	if v:IsA("Tool") then
	local args = {
	[1] = tostring(v.Name)
	}
	game:GetService("ReplicatedStorage"):WaitForChild("Events"):WaitForChild("Weight"):FireServer(unpack(args))			
	wait(.0001)
	end
end
end
end

function autoRebirth()
		while _G.autoRebirth == true do
			game:GetService("ReplicatedStorage").Events.Rebirth:FireServer()
			wait(.01)
		 end
		end

function rebirth()
	game:GetService("ReplicatedStorage").Events.Rebirth:FireServer()
		wait(.01)
	end

function Teleport(teleportPlace)
	local player = game.Players.LocalPlayer
	player.Character.HumanoidRootPart.CFrame = teleportPlace
end

function autoHatch()
	while _G.autoHatch == true do
		game:GetService("ReplicatedStorage").Events.HatchEgg:InvokeServer(_G.selectEgg,1)
		wait(.0001)
	 end
	end

function craftAllPets()
	while _G.craftAllPets == true do
		game:GetService("ReplicatedStorage"):WaitForChild("Events"):WaitForChild("PetAction"):InvokeServer("Craft All")
		wait(.1)
	 end
	end

function equipBestPets()
	while _G.equipBestPets == true do
		game:GetService("ReplicatedStorage").Events.PetAction:InvokeServer("Unequip All")
		wait(.01)
		game:GetService("ReplicatedStorage").Events.PetAction:InvokeServer("Equip Best")
		wait(10)
	 end
	end

	function checkdf(dfLocation)
		local player = game.Players.LocalPlayer
		player.Character.HumanoidRootPart.CFrame = dfLocation
	end

--Tabs

local FarmTab = Window:MakeTab({
	Name = "Auto Farm",
	Icon = "rbxassetid://4483345998",
	PremiumOnly = false
})

local SkillTab = Window:MakeTab({
	Name = "Skills",
	Icon = "rbxassetid://4483345998",
	PremiumOnly = false
})

local MapTab = Window:MakeTab({
	Name = "Teleport",
	Icon = "rbxassetid://4483345998",
	PremiumOnly = false
})

local EggTab = Window:MakeTab({
	Name = "Eggs",
	Icon = "rbxassetid://4483345998",
	PremiumOnly = false
})

local DFTab = Window:MakeTab({
	Name = "Devil Fruits",
	Icon = "rbxassetid://4483345998",
	PremiumOnly = false
})

local PotionTab = Window:MakeTab({
	Name = "Potions",
	Icon = "rbxassetid://4483345998",
	PremiumOnly = false
})

local MiscTab = Window:MakeTab({
	Name = "Misc",
	Icon = "rbxassetid://4483345998",
	PremiumOnly = false
})

--Toggles

FarmTab:AddToggle({
	Name = "Auto Weight",
	Default = false,
	Callback = function(Value)
		_G.autoWeight = (Value)
        autoWeight()
	end    
})

FarmTab:AddToggle({
	Name = "Auto Rebirth",
	Default = false,
	Callback = function(Value)
		_G.autoRebirth = (Value)
		autoRebirth()
	end
})

SkillTab:AddToggle({
	Name = "Fast Punch",
	Default = false,
	Callback = function(Value)
		_G.fastPunch = (Value)
		fastPunch()
	end
})

SkillTab:AddToggle({
	Name = "Multiple Punch",
	Default = false,
	Callback = function(Value)
		_G.multiPunch = (Value)
		multiPunch()
	end
})

SkillTab:AddToggle({
	Name = "Smash Ground",
	Default = false,
	Callback = function(Value)
		_G.smashGround = (Value)
		smashGround()
	end
})

EggTab:AddDropdown({
	Name = "Select Egg",
	Default = "Basic",
	Options = {"Basic", "Town", "Beach", "Crystal", "Forest", "Desert", "Hell", "Cat", "Void", "Anime", "Atlantis", "Angel", "Patrick"},
	Callback = function(Value)
		_G.selectEgg = (Value)
	end    
})

EggTab:AddToggle({
	Name = "Auto Hatch",
	Default = false,
	Callback = function(Value)
		_G.autoHatch = (Value)
        autoHatch()
	end    
})

EggTab:AddToggle({
	Name = "Equip Best Pets",
	Default = false,
	Callback = function(Value)
		_G.equipBestPets = (Value)
		equipBestPets()
	end
})

EggTab:AddToggle({
	Name = "Craft All Pets", 
	Default = false,
	Callback = function(Value)
		_G.craftAllPets = (Value)
		craftAllPets()
	end
})

--Dropdowns

MapTab:AddDropdown({
	Name = "Select Area",
	Default = "Spawn",
	Options = {"Spawn", "Jungle", "Beach", "Space", "Forest", "Desert", "Hell", "Candy", "Void", "Anime", "Moon", "Heaven"},
	Callback = function(Value)
		getgenv().TPPlace = (Value)
	end    
})

MiscTab:AddDropdown({
	Name = "Select Speed",
	Default = "Normal",
	Options = {"Normal", "Fast", "Very Fast", "Super Fast", "Too Fast", "Way Too Fast"},
	Callback = function(Value)
		getgenv().WalkSpeed = (Value)
	end    
})

--Buttons

SkillTab:AddButton({
	Name = "Kamehameha (No Damage)",
	Callback = function()
		kamehameha()
	end
})

SkillTab:AddButton({
	Name = "Smash No Cooldown",
	Callback = function()
		smash()
	end
})

MapTab:AddButton({
	Name = "Teleport",
	Callback = function()
		if getgenv().TPPlace == "Spawn" then
		Teleport(game:GetService("Workspace").Spawns.Spawn.CFrame)
	    elseif getgenv().TPPlace == "Jungle" then
		Teleport(game:GetService("Workspace").Spawns.Jungle.CFrame)
		elseif getgenv().TPPlace == "Beach" then
		Teleport(game:GetService("Workspace").Spawns.Beach.CFrame)
		elseif getgenv().TPPlace == "Space" then
		Teleport(game:GetService("Workspace").Spawns.Space.CFrame)
		elseif getgenv().TPPlace == "Forest" then
		Teleport(game:GetService("Workspace").Spawns.Forest.CFrame)
		elseif getgenv().TPPlace == "Desert" then
		Teleport(game:GetService("Workspace").Spawns.Desert.CFrame)
		elseif getgenv().TPPlace == "Hell" then
		Teleport(game:GetService("Workspace").Spawns.Hell.CFrame)
		elseif getgenv().TPPlace == "Candy" then
		Teleport(game:GetService("Workspace").Spawns.Candy.CFrame)
		elseif getgenv().TPPlace == "Void" then
		Teleport(game:GetService("Workspace").Spawns.Void.CFrame)
		elseif getgenv().TPPlace == "Anime" then
		Teleport(game:GetService("Workspace").Spawns.Anime.CFrame)
		elseif getgenv().TPPlace == "Moon" then
		Teleport(game:GetService("Workspace").Spawns.Moon.CFrame)
		elseif getgenv().TPPlace == "Heaven" then
  	end  
end
})

MapTab:AddTextbox({
	Name = "Select Player",
	Default = "No One",
	TextDisappear = false,
	Callback = function(Value)
		_G.playerName = (Value)
	end	  
})

MapTab:AddButton({
	Name = "Teleport To Player", 
	Callback = function(Value)
		game.Players.LocalPlayer.Character.HumanoidRootPart.CFrame = game.Players[_G.playerName].Character.HumanoidRootPart.CFrame
	end
})

PotionTab:AddButton({
	Name = "Double Muscle",
	Callback = function()
		game:GetService("ReplicatedStorage"):WaitForChild("Events"):WaitForChild("MuscleUse"):FireServer()
	end

})

PotionTab:AddButton({
	Name = "Triple Gems",
	Callback = function()
		game:GetService("ReplicatedStorage"):WaitForChild("Events"):WaitForChild("GemUse"):FireServer()
	end
})

PotionTab:AddButton({
	Name = "Super Luck",
	Callback = function()
		game:GetService("ReplicatedStorage"):WaitForChild("Events"):WaitForChild("LuckUse"):FireServer()
	end
})

PotionTab:AddButton({
	Name = "Ultra Luck",
	Callback = function()
		game:GetService("ReplicatedStorage"):WaitForChild("Events"):WaitForChild("UltraLuckUse"):FireServer()
	end
})

MiscTab:AddButton({
	Name = "Set Speed",
	Callback = function()
		if getgenv().WalkSpeed == "Normal" then
		game.Players.LocalPlayer.Character.Humanoid.WalkSpeed = 16	
		elseif getgenv().WalkSpeed == "Fast" then
		game.Players.LocalPlayer.Character.Humanoid.WalkSpeed = 50
		elseif getgenv().WalkSpeed == "Very Fast" then
		game.Players.LocalPlayer.Character.Humanoid.WalkSpeed = 125
		elseif getgenv().WalkSpeed == "Super Fast" then
		game.Players.LocalPlayer.Character.Humanoid.WalkSpeed = 250
		elseif getgenv().WalkSpeed == "Too Fast" then
		game.Players.LocalPlayer.Character.Humanoid.WalkSpeed = 450
		elseif getgenv().WalkSpeed == "Way Too Fast" then
		game.Players.LocalPlayer.Character.Humanoid.WalkSpeed = 1000
	end
end
})

DFTab:AddDropdown({
	Name = "Devil Fruit Location",
	Default = "Barrel",
	Options = {"Barrel", "King Of The Hill", "Skill Machine", "2x Muscle", "Waterfall", "Win Chest", "Volcano", "Donut", "Trash Can", "Street Lamp", "Rocket"},
	Callback = function(Value)
		_G.dfSpawn = (Value)
	end    
})

DFTab:AddButton({
	Name = "Teleport To Devil Fruit",
	Callback = function()
		if _G.dfSpawn == "Barrel" then
			checkdf(CFrame.new(-1394.16003, 2.91024399, 581.065491, 0.0475203395, -0, -0.998870313, 0, 1, -0, 0.998870313, 0, 0.0475203395))
		elseif _G.dfSpawn == "King Of The Hill" then
			checkdf(CFrame.new(-1584.24121, 2.91024303, 169.769867, 0.0475203395, -0, -0.998870313, 0, 1, -0, 0.998870313, 0, 0.0475203395))
		elseif _G.dfSpawn == "Skill Machine" then
			checkdf(CFrame.new(-1491.203, 25.3651505, -25.635498, 0.0407171249, -0, -0.999170721, 0, 1, -0, 0.999170721, 0, 0.0407171249))
		elseif _G.dfSpawn == "2x Muscle" then
			checkdf(CFrame.new(-1552.35376, 6.69221401, -254.064758, 0.240145445, -0, -0.9707371, 0, 1, -0, 0.9707371, 0, 0.240145445))
		elseif _G.dfSpawn == "Waterfall" then
			checkdf(CFrame.new(-1398.36719, 1.64325798, -744.06366, -1, 0, 0, 0, 1, 0, 0, 0, -1))
		elseif _G.dfSpawn == "Win Chest" then
			checkdf(CFrame.new(-1458.68591, 4.05964279, -989.50531, -0.259705067, 0, 0.965688229, 0, 1, 0, -0.965688229, 0, -0.259705067))
		elseif _G.dfSpawn == "Volcano" then
			checkdf(CFrame.new(-1571.54639, 26.1938019, -1218.80371, 0, 0, 1, 0, 1, -0, -1, 0, 0))
		elseif _G.dfSpawn == "Donut" then
			checkdf(CFrame.new(-1709.56567, 1.13857174, -1502.30005, -0.692419767, 0, 0.721495032, 0, 1, 0, -0.721495032, 0, -0.692419767))
		elseif _G.dfSpawn == "Trash Can" then
			checkdf(CFrame.new(-1720.99792, 1.16631317, -1615.99414, -0.319775343, 0, 0.947493434, 0, 1, 0, -0.947493434, 0, -0.319775343))
		elseif _G.dfSpawn == "Street Lamp" then
			checkdf(CFrame.new(-1914.74341, 29.4129677, -1643.6803, 0.997959793, -0, -0.0638457164, 0, 1, -0, 0.0638457164, 0, 0.997959793))
		elseif _G.dfSpawn == "Rocket" then
			checkdf(CFrame.new(-1870.85486, 18.8881836, -2043.48596, 0.96359247, -0, -0.26737529, 0, 1, -0, 0.26737529, 0, 0.96359247))
		elseif _G.dfSpawn == "" then

		elseif _G.dfSpawn == "" then

		end
	end
})

MiscTab:AddButton({
	Name = "Collect Rewards",
	Callback = function()
		game.Players.LocalPlayer.Character.HumanoidRootPart.CFrame = CFrame.new(-1213.58984, 7.16420555, 364.04599, 0.725067735, -6.93919233e-08, -0.688677549, -4.97258812e-09, 1, -1.05996463e-07, 0.688677549, 8.0279122e-08, 0.725067735)
		wait(.5)
		game.Players.LocalPlayer.Character.HumanoidRootPart.CFrame = CFrame.new(-1517.51074, 7.11579514, -487.748535, 0.47995621, 3.78450409e-08, 0.877292454, -9.56772084e-08, 1, 9.20539911e-09, -0.877292454, -8.83550797e-08, 0.47995621)
		wait(.5)
		game.Players.LocalPlayer.Character.HumanoidRootPart.CFrame = CFrame.new(-1487.08655, 8.31360435, -982.108276, 0.939927518, -2.42096068e-08, -0.34137404, 2.45030951e-09, 1, -6.41715232e-08, 0.34137404, 5.94801115e-08, 0.939927518)
		wait(.5)
		game.Players.LocalPlayer.Character.HumanoidRootPart.CFrame = CFrame.new(-1317.07288, 7.71920776, 199.789337, 0.986501276, 4.0791754e-08, 0.163753569, -3.72992339e-08, 1, -2.44025866e-08, -0.163753569, 1.79652986e-08, 0.986501276)
		wait(.5)
	end
})

--Sliders

end
OrionLib:Init()